0  24  4  1  
24  28  4  29  
1  5  29  4  
1  29  25  24  
1  29  24  4  
1  25  5  2  
25  29  5  30  
2  6  30  5  
2  30  26  25  
2  30  25  5  
2  26  6  3  
26  30  6  31  
3  7  31  6  
3  31  27  26  
3  31  26  6  
4  28  8  5  
28  32  8  33  
5  9  33  8  
5  33  29  28  
5  33  28  8  
5  29  9  6  
29  33  9  34  
6  10  34  9  
6  34  30  29  
6  34  29  9  
6  30  10  7  
30  34  10  35  
7  11  35  10  
7  35  31  30  
7  35  30  10  
8  32  12  9  
32  36  12  37  
9  13  37  12  
9  37  33  32  
9  37  32  12  
9  33  13  10  
33  37  13  38  
10  14  38  13  
10  38  34  33  
10  38  33  13  
10  34  14  11  
34  38  14  39  
11  15  39  14  
11  39  35  34  
11  39  34  14  
12  36  16  13  
36  40  16  41  
13  17  41  16  
13  41  37  36  
13  41  36  16  
13  37  17  14  
37  41  17  42  
14  18  42  17  
14  42  38  37  
14  42  37  17  
14  38  18  15  
38  42  18  43  
15  19  43  18  
15  43  39  38  
15  43  38  18  
16  40  20  17  
40  44  20  45  
17  21  45  20  
17  45  41  40  
17  45  40  20  
17  41  21  18  
41  45  21  46  
18  22  46  21  
18  46  42  41  
18  46  41  21  
18  42  22  19  
42  46  22  47  
19  23  47  22  
19  47  43  42  
19  47  42  22  
24  48  28  25  
48  52  28  53  
25  29  53  28  
25  53  49  48  
25  53  48  28  
25  49  29  26  
49  53  29  54  
26  30  54  29  
26  54  50  49  
26  54  49  29  
26  50  30  27  
50  54  30  55  
27  31  55  30  
27  55  51  50  
27  55  50  30  
28  52  32  29  
52  56  32  57  
29  33  57  32  
29  57  53  52  
29  57  52  32  
29  53  33  30  
53  57  33  58  
30  34  58  33  
30  58  54  53  
30  58  53  33  
30  54  34  31  
54  58  34  59  
31  35  59  34  
31  59  55  54  
31  59  54  34  
32  56  36  33  
56  60  36  61  
33  37  61  36  
33  61  57  56  
33  61  56  36  
33  57  37  34  
57  61  37  62  
34  38  62  37  
34  62  58  57  
34  62  57  37  
34  58  38  35  
58  62  38  63  
35  39  63  38  
35  63  59  58  
35  63  58  38  
36  60  40  37  
60  64  40  65  
37  41  65  40  
37  65  61  60  
37  65  60  40  
37  61  41  38  
61  65  41  66  
38  42  66  41  
38  66  62  61  
38  66  61  41  
38  62  42  39  
62  66  42  67  
39  43  67  42  
39  67  63  62  
39  67  62  42  
40  64  44  41  
64  68  44  69  
41  45  69  44  
41  69  65  64  
41  69  64  44  
41  65  45  42  
65  69  45  70  
42  46  70  45  
42  70  66  65  
42  70  65  45  
42  66  46  43  
66  70  46  71  
43  47  71  46  
43  71  67  66  
43  71  66  46  
48  72  52  49  
72  76  52  77  
49  53  77  52  
49  77  73  72  
49  77  72  52  
49  73  53  50  
73  77  53  78  
50  54  78  53  
50  78  74  73  
50  78  73  53  
50  74  54  51  
74  78  54  79  
51  55  79  54  
51  79  75  74  
51  79  74  54  
52  76  56  53  
76  80  56  81  
53  57  81  56  
53  81  77  76  
53  81  76  56  
53  77  57  54  
77  81  57  82  
54  58  82  57  
54  82  78  77  
54  82  77  57  
54  78  58  55  
78  82  58  83  
55  59  83  58  
55  83  79  78  
55  83  78  58  
56  80  60  57  
80  84  60  85  
57  61  85  60  
57  85  81  80  
57  85  80  60  
57  81  61  58  
81  85  61  86  
58  62  86  61  
58  86  82  81  
58  86  81  61  
58  82  62  59  
82  86  62  87  
59  63  87  62  
59  87  83  82  
59  87  82  62  
60  84  64  61  
84  88  64  89  
61  65  89  64  
61  89  85  84  
61  89  84  64  
61  85  65  62  
85  89  65  90  
62  66  90  65  
62  90  86  85  
62  90  85  65  
62  86  66  63  
86  90  66  91  
63  67  91  66  
63  91  87  86  
63  91  86  66  
64  88  68  65  
88  92  68  93  
65  69  93  68  
65  93  89  88  
65  93  88  68  
65  89  69  66  
89  93  69  94  
66  70  94  69  
66  94  90  89  
66  94  89  69  
66  90  70  67  
90  94  70  95  
67  71  95  70  
67  95  91  90  
67  95  90  70  
72  96  76  73  
96  100  76  101  
73  77  101  76  
73  101  97  96  
73  101  96  76  
73  97  77  74  
97  101  77  102  
74  78  102  77  
74  102  98  97  
74  102  97  77  
74  98  78  75  
98  102  78  103  
75  79  103  78  
75  103  99  98  
75  103  98  78  
76  100  80  77  
100  104  80  105  
77  81  105  80  
77  105  101  100  
77  105  100  80  
77  101  81  78  
101  105  81  106  
78  82  106  81  
78  106  102  101  
78  106  101  81  
78  102  82  79  
102  106  82  107  
79  83  107  82  
79  107  103  102  
79  107  102  82  
80  104  84  81  
104  108  84  109  
81  85  109  84  
81  109  105  104  
81  109  104  84  
81  105  85  82  
105  109  85  110  
82  86  110  85  
82  110  106  105  
82  110  105  85  
82  106  86  83  
106  110  86  111  
83  87  111  86  
83  111  107  106  
83  111  106  86  
84  108  88  85  
108  112  88  113  
85  89  113  88  
85  113  109  108  
85  113  108  88  
85  109  89  86  
109  113  89  114  
86  90  114  89  
86  114  110  109  
86  114  109  89  
86  110  90  87  
110  114  90  115  
87  91  115  90  
87  115  111  110  
87  115  110  90  
88  112  92  89  
112  116  92  117  
89  93  117  92  
89  117  113  112  
89  117  112  92  
89  113  93  90  
113  117  93  118  
90  94  118  93  
90  118  114  113  
90  118  113  93  
90  114  94  91  
114  118  94  119  
91  95  119  94  
91  119  115  114  
91  119  114  94  
96  120  100  97  
120  124  100  125  
97  101  125  100  
97  125  121  120  
97  125  120  100  
97  121  101  98  
121  125  101  126  
98  102  126  101  
98  126  122  121  
98  126  121  101  
98  122  102  99  
122  126  102  127  
99  103  127  102  
99  127  123  122  
99  127  122  102  
100  124  104  101  
124  128  104  129  
101  105  129  104  
101  129  125  124  
101  129  124  104  
101  125  105  102  
125  129  105  130  
102  106  130  105  
102  130  126  125  
102  130  125  105  
102  126  106  103  
126  130  106  131  
103  107  131  106  
103  131  127  126  
103  131  126  106  
104  128  108  105  
128  132  108  133  
105  109  133  108  
105  133  129  128  
105  133  128  108  
105  129  109  106  
129  133  109  134  
106  110  134  109  
106  134  130  129  
106  134  129  109  
106  130  110  107  
130  134  110  135  
107  111  135  110  
107  135  131  130  
107  135  130  110  
108  132  112  109  
132  136  112  137  
109  113  137  112  
109  137  133  132  
109  137  132  112  
109  133  113  110  
133  137  113  138  
110  114  138  113  
110  138  134  133  
110  138  133  113  
110  134  114  111  
134  138  114  139  
111  115  139  114  
111  139  135  134  
111  139  134  114  
112  136  116  113  
136  140  116  141  
113  117  141  116  
113  141  137  136  
113  141  136  116  
113  137  117  114  
137  141  117  142  
114  118  142  117  
114  142  138  137  
114  142  137  117  
114  138  118  115  
138  142  118  143  
115  119  143  118  
115  143  139  138  
115  143  138  118  
120  144  124  121  
144  148  124  149  
121  125  149  124  
121  149  145  144  
121  149  144  124  
121  145  125  122  
145  149  125  150  
122  126  150  125  
122  150  146  145  
122  150  145  125  
122  146  126  123  
146  150  126  151  
123  127  151  126  
123  151  147  146  
123  151  146  126  
124  148  128  125  
148  152  128  153  
125  129  153  128  
125  153  149  148  
125  153  148  128  
125  149  129  126  
149  153  129  154  
126  130  154  129  
126  154  150  149  
126  154  149  129  
126  150  130  127  
150  154  130  155  
127  131  155  130  
127  155  151  150  
127  155  150  130  
128  152  132  129  
152  156  132  157  
129  133  157  132  
129  157  153  152  
129  157  152  132  
129  153  133  130  
153  157  133  158  
130  134  158  133  
130  158  154  153  
130  158  153  133  
130  154  134  131  
154  158  134  159  
131  135  159  134  
131  159  155  154  
131  159  154  134  
132  156  136  133  
156  160  136  161  
133  137  161  136  
133  161  157  156  
133  161  156  136  
133  157  137  134  
157  161  137  162  
134  138  162  137  
134  162  158  157  
134  162  157  137  
134  158  138  135  
158  162  138  163  
135  139  163  138  
135  163  159  158  
135  163  158  138  
136  160  140  137  
160  164  140  165  
137  141  165  140  
137  165  161  160  
137  165  160  140  
137  161  141  138  
161  165  141  166  
138  142  166  141  
138  166  162  161  
138  166  161  141  
138  162  142  139  
162  166  142  167  
139  143  167  142  
139  167  163  162  
139  167  162  142  
144  168  148  145  
168  172  148  173  
145  149  173  148  
145  173  169  168  
145  173  168  148  
145  169  149  146  
169  173  149  174  
146  150  174  149  
146  174  170  169  
146  174  169  149  
146  170  150  147  
170  174  150  175  
147  151  175  150  
147  175  171  170  
147  175  170  150  
148  172  152  149  
172  176  152  177  
149  153  177  152  
149  177  173  172  
149  177  172  152  
149  173  153  150  
173  177  153  178  
150  154  178  153  
150  178  174  173  
150  178  173  153  
150  174  154  151  
174  178  154  179  
151  155  179  154  
151  179  175  174  
151  179  174  154  
152  176  156  153  
176  180  156  181  
153  157  181  156  
153  181  177  176  
153  181  176  156  
153  177  157  154  
177  181  157  182  
154  158  182  157  
154  182  178  177  
154  182  177  157  
154  178  158  155  
178  182  158  183  
155  159  183  158  
155  183  179  178  
155  183  178  158  
156  180  160  157  
180  184  160  185  
157  161  185  160  
157  185  181  180  
157  185  180  160  
157  181  161  158  
181  185  161  186  
158  162  186  161  
158  186  182  181  
158  186  181  161  
158  182  162  159  
182  186  162  187  
159  163  187  162  
159  187  183  182  
159  187  182  162  
160  184  164  161  
184  188  164  189  
161  165  189  164  
161  189  185  184  
161  189  184  164  
161  185  165  162  
185  189  165  190  
162  166  190  165  
162  190  186  185  
162  190  185  165  
162  186  166  163  
186  190  166  191  
163  167  191  166  
163  191  187  186  
163  191  186  166  
168  192  172  169  
192  196  172  197  
169  173  197  172  
169  197  193  192  
169  197  192  172  
169  193  173  170  
193  197  173  198  
170  174  198  173  
170  198  194  193  
170  198  193  173  
170  194  174  171  
194  198  174  199  
171  175  199  174  
171  199  195  194  
171  199  194  174  
172  196  176  173  
196  200  176  201  
173  177  201  176  
173  201  197  196  
173  201  196  176  
173  197  177  174  
197  201  177  202  
174  178  202  177  
174  202  198  197  
174  202  197  177  
174  198  178  175  
198  202  178  203  
175  179  203  178  
175  203  199  198  
175  203  198  178  
176  200  180  177  
200  204  180  205  
177  181  205  180  
177  205  201  200  
177  205  200  180  
177  201  181  178  
201  205  181  206  
178  182  206  181  
178  206  202  201  
178  206  201  181  
178  202  182  179  
202  206  182  207  
179  183  207  182  
179  207  203  202  
179  207  202  182  
180  204  184  181  
204  208  184  209  
181  185  209  184  
181  209  205  204  
181  209  204  184  
181  205  185  182  
205  209  185  210  
182  186  210  185  
182  210  206  205  
182  210  205  185  
182  206  186  183  
206  210  186  211  
183  187  211  186  
183  211  207  206  
183  211  206  186  
184  208  188  185  
208  212  188  213  
185  189  213  188  
185  213  209  208  
185  213  208  188  
185  209  189  186  
209  213  189  214  
186  190  214  189  
186  214  210  209  
186  214  209  189  
186  210  190  187  
210  214  190  215  
187  191  215  190  
187  215  211  210  
187  215  210  190  
192  216  196  193  
216  220  196  221  
193  197  221  196  
193  221  217  216  
193  221  216  196  
193  217  197  194  
217  221  197  222  
194  198  222  197  
194  222  218  217  
194  222  217  197  
194  218  198  195  
218  222  198  223  
195  199  223  198  
195  223  219  218  
195  223  218  198  
196  220  200  197  
220  224  200  225  
197  201  225  200  
197  225  221  220  
197  225  220  200  
197  221  201  198  
221  225  201  226  
198  202  226  201  
198  226  222  221  
198  226  221  201  
198  222  202  199  
222  226  202  227  
199  203  227  202  
199  227  223  222  
199  227  222  202  
200  224  204  201  
224  228  204  229  
201  205  229  204  
201  229  225  224  
201  229  224  204  
201  225  205  202  
225  229  205  230  
202  206  230  205  
202  230  226  225  
202  230  225  205  
202  226  206  203  
226  230  206  231  
203  207  231  206  
203  231  227  226  
203  231  226  206  
204  228  208  205  
228  232  208  233  
205  209  233  208  
205  233  229  228  
205  233  228  208  
205  229  209  206  
229  233  209  234  
206  210  234  209  
206  234  230  229  
206  234  229  209  
206  230  210  207  
230  234  210  235  
207  211  235  210  
207  235  231  230  
207  235  230  210  
208  232  212  209  
232  236  212  237  
209  213  237  212  
209  237  233  232  
209  237  232  212  
209  233  213  210  
233  237  213  238  
210  214  238  213  
210  238  234  233  
210  238  233  213  
210  234  214  211  
234  238  214  239  
211  215  239  214  
211  239  235  234  
211  239  234  214  
216  240  220  217  
240  244  220  245  
217  221  245  220  
217  245  241  240  
217  245  240  220  
217  241  221  218  
241  245  221  246  
218  222  246  221  
218  246  242  241  
218  246  241  221  
218  242  222  219  
242  246  222  247  
219  223  247  222  
219  247  243  242  
219  247  242  222  
220  244  224  221  
244  248  224  249  
221  225  249  224  
221  249  245  244  
221  249  244  224  
221  245  225  222  
245  249  225  250  
222  226  250  225  
222  250  246  245  
222  250  245  225  
222  246  226  223  
246  250  226  251  
223  227  251  226  
223  251  247  246  
223  251  246  226  
224  248  228  225  
248  252  228  253  
225  229  253  228  
225  253  249  248  
225  253  248  228  
225  249  229  226  
249  253  229  254  
226  230  254  229  
226  254  250  249  
226  254  249  229  
226  250  230  227  
250  254  230  255  
227  231  255  230  
227  255  251  250  
227  255  250  230  
228  252  232  229  
252  256  232  257  
229  233  257  232  
229  257  253  252  
229  257  252  232  
229  253  233  230  
253  257  233  258  
230  234  258  233  
230  258  254  253  
230  258  253  233  
230  254  234  231  
254  258  234  259  
231  235  259  234  
231  259  255  254  
231  259  254  234  
232  256  236  233  
256  260  236  261  
233  237  261  236  
233  261  257  256  
233  261  256  236  
233  257  237  234  
257  261  237  262  
234  238  262  237  
234  262  258  257  
234  262  257  237  
234  258  238  235  
258  262  238  263  
235  239  263  238  
235  263  259  258  
235  263  258  238  
240  264  244  241  
264  268  244  269  
241  245  269  244  
241  269  265  264  
241  269  264  244  
241  265  245  242  
265  269  245  270  
242  246  270  245  
242  270  266  265  
242  270  265  245  
242  266  246  243  
266  270  246  271  
243  247  271  246  
243  271  267  266  
243  271  266  246  
244  268  248  245  
268  272  248  273  
245  249  273  248  
245  273  269  268  
245  273  268  248  
245  269  249  246  
269  273  249  274  
246  250  274  249  
246  274  270  269  
246  274  269  249  
246  270  250  247  
270  274  250  275  
247  251  275  250  
247  275  271  270  
247  275  270  250  
248  272  252  249  
272  276  252  277  
249  253  277  252  
249  277  273  272  
249  277  272  252  
249  273  253  250  
273  277  253  278  
250  254  278  253  
250  278  274  273  
250  278  273  253  
250  274  254  251  
274  278  254  279  
251  255  279  254  
251  279  275  274  
251  279  274  254  
252  276  256  253  
276  280  256  281  
253  257  281  256  
253  281  277  276  
253  281  276  256  
253  277  257  254  
277  281  257  282  
254  258  282  257  
254  282  278  277  
254  282  277  257  
254  278  258  255  
278  282  258  283  
255  259  283  258  
255  283  279  278  
255  283  278  258  
256  280  260  257  
280  284  260  285  
257  261  285  260  
257  285  281  280  
257  285  280  260  
257  281  261  258  
281  285  261  286  
258  262  286  261  
258  286  282  281  
258  286  281  261  
258  282  262  259  
282  286  262  287  
259  263  287  262  
259  287  283  282  
259  287  282  262  
264  288  268  265  
288  292  268  293  
265  269  293  268  
265  293  289  288  
265  293  288  268  
265  289  269  266  
289  293  269  294  
266  270  294  269  
266  294  290  289  
266  294  289  269  
266  290  270  267  
290  294  270  295  
267  271  295  270  
267  295  291  290  
267  295  290  270  
268  292  272  269  
292  296  272  297  
269  273  297  272  
269  297  293  292  
269  297  292  272  
269  293  273  270  
293  297  273  298  
270  274  298  273  
270  298  294  293  
270  298  293  273  
270  294  274  271  
294  298  274  299  
271  275  299  274  
271  299  295  294  
271  299  294  274  
272  296  276  273  
296  300  276  301  
273  277  301  276  
273  301  297  296  
273  301  296  276  
273  297  277  274  
297  301  277  302  
274  278  302  277  
274  302  298  297  
274  302  297  277  
274  298  278  275  
298  302  278  303  
275  279  303  278  
275  303  299  298  
275  303  298  278  
276  300  280  277  
300  304  280  305  
277  281  305  280  
277  305  301  300  
277  305  300  280  
277  301  281  278  
301  305  281  306  
278  282  306  281  
278  306  302  301  
278  306  301  281  
278  302  282  279  
302  306  282  307  
279  283  307  282  
279  307  303  302  
279  307  302  282  
280  304  284  281  
304  308  284  309  
281  285  309  284  
281  309  305  304  
281  309  304  284  
281  305  285  282  
305  309  285  310  
282  286  310  285  
282  310  306  305  
282  310  305  285  
282  306  286  283  
306  310  286  311  
283  287  311  286  
283  311  307  306  
283  311  306  286  
288  312  292  289  
312  316  292  317  
289  293  317  292  
289  317  313  312  
289  317  312  292  
289  313  293  290  
313  317  293  318  
290  294  318  293  
290  318  314  313  
290  318  313  293  
290  314  294  291  
314  318  294  319  
291  295  319  294  
291  319  315  314  
291  319  314  294  
292  316  296  293  
316  320  296  321  
293  297  321  296  
293  321  317  316  
293  321  316  296  
293  317  297  294  
317  321  297  322  
294  298  322  297  
294  322  318  317  
294  322  317  297  
294  318  298  295  
318  322  298  323  
295  299  323  298  
295  323  319  318  
295  323  318  298  
296  320  300  297  
320  324  300  325  
297  301  325  300  
297  325  321  320  
297  325  320  300  
297  321  301  298  
321  325  301  326  
298  302  326  301  
298  326  322  321  
298  326  321  301  
298  322  302  299  
322  326  302  327  
299  303  327  302  
299  327  323  322  
299  327  322  302  
300  324  304  301  
324  328  304  329  
301  305  329  304  
301  329  325  324  
301  329  324  304  
301  325  305  302  
325  329  305  330  
302  306  330  305  
302  330  326  325  
302  330  325  305  
302  326  306  303  
326  330  306  331  
303  307  331  306  
303  331  327  326  
303  331  326  306  
304  328  308  305  
328  332  308  333  
305  309  333  308  
305  333  329  328  
305  333  328  308  
305  329  309  306  
329  333  309  334  
306  310  334  309  
306  334  330  329  
306  334  329  309  
306  330  310  307  
330  334  310  335  
307  311  335  310  
307  335  331  330  
307  335  330  310  
312  336  316  313  
336  340  316  341  
313  317  341  316  
313  341  337  336  
313  341  336  316  
313  337  317  314  
337  341  317  342  
314  318  342  317  
314  342  338  337  
314  342  337  317  
314  338  318  315  
338  342  318  343  
315  319  343  318  
315  343  339  338  
315  343  338  318  
316  340  320  317  
340  344  320  345  
317  321  345  320  
317  345  341  340  
317  345  340  320  
317  341  321  318  
341  345  321  346  
318  322  346  321  
318  346  342  341  
318  346  341  321  
318  342  322  319  
342  346  322  347  
319  323  347  322  
319  347  343  342  
319  347  342  322  
320  344  324  321  
344  348  324  349  
321  325  349  324  
321  349  345  344  
321  349  344  324  
321  345  325  322  
345  349  325  350  
322  326  350  325  
322  350  346  345  
322  350  345  325  
322  346  326  323  
346  350  326  351  
323  327  351  326  
323  351  347  346  
323  351  346  326  
324  348  328  325  
348  352  328  353  
325  329  353  328  
325  353  349  348  
325  353  348  328  
325  349  329  326  
349  353  329  354  
326  330  354  329  
326  354  350  349  
326  354  349  329  
326  350  330  327  
350  354  330  355  
327  331  355  330  
327  355  351  350  
327  355  350  330  
328  352  332  329  
352  356  332  357  
329  333  357  332  
329  357  353  352  
329  357  352  332  
329  353  333  330  
353  357  333  358  
330  334  358  333  
330  358  354  353  
330  358  353  333  
330  354  334  331  
354  358  334  359  
331  335  359  334  
331  359  355  354  
331  359  354  334  
336  360  340  337  
360  364  340  365  
337  341  365  340  
337  365  361  360  
337  365  360  340  
337  361  341  338  
361  365  341  366  
338  342  366  341  
338  366  362  361  
338  366  361  341  
338  362  342  339  
362  366  342  367  
339  343  367  342  
339  367  363  362  
339  367  362  342  
340  364  344  341  
364  368  344  369  
341  345  369  344  
341  369  365  364  
341  369  364  344  
341  365  345  342  
365  369  345  370  
342  346  370  345  
342  370  366  365  
342  370  365  345  
342  366  346  343  
366  370  346  371  
343  347  371  346  
343  371  367  366  
343  371  366  346  
344  368  348  345  
368  372  348  373  
345  349  373  348  
345  373  369  368  
345  373  368  348  
345  369  349  346  
369  373  349  374  
346  350  374  349  
346  374  370  369  
346  374  369  349  
346  370  350  347  
370  374  350  375  
347  351  375  350  
347  375  371  370  
347  375  370  350  
348  372  352  349  
372  376  352  377  
349  353  377  352  
349  377  373  372  
349  377  372  352  
349  373  353  350  
373  377  353  378  
350  354  378  353  
350  378  374  373  
350  378  373  353  
350  374  354  351  
374  378  354  379  
351  355  379  354  
351  379  375  374  
351  379  374  354  
352  376  356  353  
376  380  356  381  
353  357  381  356  
353  381  377  376  
353  381  376  356  
353  377  357  354  
377  381  357  382  
354  358  382  357  
354  382  378  377  
354  382  377  357  
354  378  358  355  
378  382  358  383  
355  359  383  358  
355  383  379  378  
355  383  378  358  
360  384  364  361  
384  388  364  389  
361  365  389  364  
361  389  385  384  
361  389  384  364  
361  385  365  362  
385  389  365  390  
362  366  390  365  
362  390  386  385  
362  390  385  365  
362  386  366  363  
386  390  366  391  
363  367  391  366  
363  391  387  386  
363  391  386  366  
364  388  368  365  
388  392  368  393  
365  369  393  368  
365  393  389  388  
365  393  388  368  
365  389  369  366  
389  393  369  394  
366  370  394  369  
366  394  390  389  
366  394  389  369  
366  390  370  367  
390  394  370  395  
367  371  395  370  
367  395  391  390  
367  395  390  370  
368  392  372  369  
392  396  372  397  
369  373  397  372  
369  397  393  392  
369  397  392  372  
369  393  373  370  
393  397  373  398  
370  374  398  373  
370  398  394  393  
370  398  393  373  
370  394  374  371  
394  398  374  399  
371  375  399  374  
371  399  395  394  
371  399  394  374  
372  396  376  373  
396  400  376  401  
373  377  401  376  
373  401  397  396  
373  401  396  376  
373  397  377  374  
397  401  377  402  
374  378  402  377  
374  402  398  397  
374  402  397  377  
374  398  378  375  
398  402  378  403  
375  379  403  378  
375  403  399  398  
375  403  398  378  
376  400  380  377  
400  404  380  405  
377  381  405  380  
377  405  401  400  
377  405  400  380  
377  401  381  378  
401  405  381  406  
378  382  406  381  
378  406  402  401  
378  406  401  381  
378  402  382  379  
402  406  382  407  
379  383  407  382  
379  407  403  402  
379  407  402  382  
384  408  388  385  
408  412  388  413  
385  389  413  388  
385  413  409  408  
385  413  408  388  
385  409  389  386  
409  413  389  414  
386  390  414  389  
386  414  410  409  
386  414  409  389  
386  410  390  387  
410  414  390  415  
387  391  415  390  
387  415  411  410  
387  415  410  390  
388  412  392  389  
412  416  392  417  
389  393  417  392  
389  417  413  412  
389  417  412  392  
389  413  393  390  
413  417  393  418  
390  394  418  393  
390  418  414  413  
390  418  413  393  
390  414  394  391  
414  418  394  419  
391  395  419  394  
391  419  415  414  
391  419  414  394  
392  416  396  393  
416  420  396  421  
393  397  421  396  
393  421  417  416  
393  421  416  396  
393  417  397  394  
417  421  397  422  
394  398  422  397  
394  422  418  417  
394  422  417  397  
394  418  398  395  
418  422  398  423  
395  399  423  398  
395  423  419  418  
395  423  418  398  
396  420  400  397  
420  424  400  425  
397  401  425  400  
397  425  421  420  
397  425  420  400  
397  421  401  398  
421  425  401  426  
398  402  426  401  
398  426  422  421  
398  426  421  401  
398  422  402  399  
422  426  402  427  
399  403  427  402  
399  427  423  422  
399  427  422  402  
400  424  404  401  
424  428  404  429  
401  405  429  404  
401  429  425  424  
401  429  424  404  
401  425  405  402  
425  429  405  430  
402  406  430  405  
402  430  426  425  
402  430  425  405  
402  426  406  403  
426  430  406  431  
403  407  431  406  
403  431  427  426  
403  431  426  406  
408  432  412  409  
432  436  412  437  
409  413  437  412  
409  437  433  432  
409  437  432  412  
409  433  413  410  
433  437  413  438  
410  414  438  413  
410  438  434  433  
410  438  433  413  
410  434  414  411  
434  438  414  439  
411  415  439  414  
411  439  435  434  
411  439  434  414  
412  436  416  413  
436  440  416  441  
413  417  441  416  
413  441  437  436  
413  441  436  416  
413  437  417  414  
437  441  417  442  
414  418  442  417  
414  442  438  437  
414  442  437  417  
414  438  418  415  
438  442  418  443  
415  419  443  418  
415  443  439  438  
415  443  438  418  
416  440  420  417  
440  444  420  445  
417  421  445  420  
417  445  441  440  
417  445  440  420  
417  441  421  418  
441  445  421  446  
418  422  446  421  
418  446  442  441  
418  446  441  421  
418  442  422  419  
442  446  422  447  
419  423  447  422  
419  447  443  442  
419  447  442  422  
420  444  424  421  
444  448  424  449  
421  425  449  424  
421  449  445  444  
421  449  444  424  
421  445  425  422  
445  449  425  450  
422  426  450  425  
422  450  446  445  
422  450  445  425  
422  446  426  423  
446  450  426  451  
423  427  451  426  
423  451  447  446  
423  451  446  426  
424  448  428  425  
448  452  428  453  
425  429  453  428  
425  453  449  448  
425  453  448  428  
425  449  429  426  
449  453  429  454  
426  430  454  429  
426  454  450  449  
426  454  449  429  
426  450  430  427  
450  454  430  455  
427  431  455  430  
427  455  451  450  
427  455  450  430  
432  456  436  433  
456  460  436  461  
433  437  461  436  
433  461  457  456  
433  461  456  436  
433  457  437  434  
457  461  437  462  
434  438  462  437  
434  462  458  457  
434  462  457  437  
434  458  438  435  
458  462  438  463  
435  439  463  438  
435  463  459  458  
435  463  458  438  
436  460  440  437  
460  464  440  465  
437  441  465  440  
437  465  461  460  
437  465  460  440  
437  461  441  438  
461  465  441  466  
438  442  466  441  
438  466  462  461  
438  466  461  441  
438  462  442  439  
462  466  442  467  
439  443  467  442  
439  467  463  462  
439  467  462  442  
440  464  444  441  
464  468  444  469  
441  445  469  444  
441  469  465  464  
441  469  464  444  
441  465  445  442  
465  469  445  470  
442  446  470  445  
442  470  466  465  
442  470  465  445  
442  466  446  443  
466  470  446  471  
443  447  471  446  
443  471  467  466  
443  471  466  446  
444  468  448  445  
468  472  448  473  
445  449  473  448  
445  473  469  468  
445  473  468  448  
445  469  449  446  
469  473  449  474  
446  450  474  449  
446  474  470  469  
446  474  469  449  
446  470  450  447  
470  474  450  475  
447  451  475  450  
447  475  471  470  
447  475  470  450  
448  472  452  449  
472  476  452  477  
449  453  477  452  
449  477  473  472  
449  477  472  452  
449  473  453  450  
473  477  453  478  
450  454  478  453  
450  478  474  473  
450  478  473  453  
450  474  454  451  
474  478  454  479  
451  455  479  454  
451  479  475  474  
451  479  474  454  
456  480  460  457  
480  484  460  485  
457  461  485  460  
457  485  481  480  
457  485  480  460  
457  481  461  458  
481  485  461  486  
458  462  486  461  
458  486  482  481  
458  486  481  461  
458  482  462  459  
482  486  462  487  
459  463  487  462  
459  487  483  482  
459  487  482  462  
460  484  464  461  
484  488  464  489  
461  465  489  464  
461  489  485  484  
461  489  484  464  
461  485  465  462  
485  489  465  490  
462  466  490  465  
462  490  486  485  
462  490  485  465  
462  486  466  463  
486  490  466  491  
463  467  491  466  
463  491  487  486  
463  491  486  466  
464  488  468  465  
488  492  468  493  
465  469  493  468  
465  493  489  488  
465  493  488  468  
465  489  469  466  
489  493  469  494  
466  470  494  469  
466  494  490  489  
466  494  489  469  
466  490  470  467  
490  494  470  495  
467  471  495  470  
467  495  491  490  
467  495  490  470  
468  492  472  469  
492  496  472  497  
469  473  497  472  
469  497  493  492  
469  497  492  472  
469  493  473  470  
493  497  473  498  
470  474  498  473  
470  498  494  493  
470  498  493  473  
470  494  474  471  
494  498  474  499  
471  475  499  474  
471  499  495  494  
471  499  494  474  
472  496  476  473  
496  500  476  501  
473  477  501  476  
473  501  497  496  
473  501  496  476  
473  497  477  474  
497  501  477  502  
474  478  502  477  
474  502  498  497  
474  502  497  477  
474  498  478  475  
498  502  478  503  
475  479  503  478  
475  503  499  498  
475  503  498  478  