-500.0  0.0  0.0  
-500.0  0.0  16.666666666666668  
-500.0  0.0  33.333333333333336  
-500.0  0.0  50.0  
-500.0  30.0  0.0  
-500.0  30.0  16.666666666666668  
-500.0  30.0  33.333333333333336  
-500.0  30.0  50.0  
-500.0  60.0  0.0  
-500.0  60.0  16.666666666666668  
-500.0  60.0  33.333333333333336  
-500.0  60.0  50.0  
-500.0  90.0  0.0  
-500.0  90.0  16.666666666666668  
-500.0  90.0  33.333333333333336  
-500.0  90.0  50.0  
-500.0  120.0  0.0  
-500.0  120.0  16.666666666666668  
-500.0  120.0  33.333333333333336  
-500.0  120.0  50.0  
-500.0  150.0  0.0  
-500.0  150.0  16.666666666666668  
-500.0  150.0  33.333333333333336  
-500.0  150.0  50.0  
-450.0  0.0  0.0  
-450.0  0.0  16.666666666666668  
-450.0  0.0  33.333333333333336  
-450.0  0.0  50.0  
-450.0  30.0  0.0  
-450.0  30.0  16.666666666666668  
-450.0  30.0  33.333333333333336  
-450.0  30.0  50.0  
-450.0  60.0  0.0  
-450.0  60.0  16.666666666666668  
-450.0  60.0  33.333333333333336  
-450.0  60.0  50.0  
-450.0  90.0  0.0  
-450.0  90.0  16.666666666666668  
-450.0  90.0  33.333333333333336  
-450.0  90.0  50.0  
-450.0  120.0  0.0  
-450.0  120.0  16.666666666666668  
-450.0  120.0  33.333333333333336  
-450.0  120.0  50.0  
-450.0  150.0  0.0  
-450.0  150.0  16.666666666666668  
-450.0  150.0  33.333333333333336  
-450.0  150.0  50.0  
-400.0  0.0  0.0  
-400.0  0.0  16.666666666666668  
-400.0  0.0  33.333333333333336  
-400.0  0.0  50.0  
-400.0  30.0  0.0  
-400.0  30.0  16.666666666666668  
-400.0  30.0  33.333333333333336  
-400.0  30.0  50.0  
-400.0  60.0  0.0  
-400.0  60.0  16.666666666666668  
-400.0  60.0  33.333333333333336  
-400.0  60.0  50.0  
-400.0  90.0  0.0  
-400.0  90.0  16.666666666666668  
-400.0  90.0  33.333333333333336  
-400.0  90.0  50.0  
-400.0  120.0  0.0  
-400.0  120.0  16.666666666666668  
-400.0  120.0  33.333333333333336  
-400.0  120.0  50.0  
-400.0  150.0  0.0  
-400.0  150.0  16.666666666666668  
-400.0  150.0  33.333333333333336  
-400.0  150.0  50.0  
-350.0  0.0  0.0  
-350.0  0.0  16.666666666666668  
-350.0  0.0  33.333333333333336  
-350.0  0.0  50.0  
-350.0  30.0  0.0  
-350.0  30.0  16.666666666666668  
-350.0  30.0  33.333333333333336  
-350.0  30.0  50.0  
-350.0  60.0  0.0  
-350.0  60.0  16.666666666666668  
-350.0  60.0  33.333333333333336  
-350.0  60.0  50.0  
-350.0  90.0  0.0  
-350.0  90.0  16.666666666666668  
-350.0  90.0  33.333333333333336  
-350.0  90.0  50.0  
-350.0  120.0  0.0  
-350.0  120.0  16.666666666666668  
-350.0  120.0  33.333333333333336  
-350.0  120.0  50.0  
-350.0  150.0  0.0  
-350.0  150.0  16.666666666666668  
-350.0  150.0  33.333333333333336  
-350.0  150.0  50.0  
-300.0  0.0  0.0  
-300.0  0.0  16.666666666666668  
-300.0  0.0  33.333333333333336  
-300.0  0.0  50.0  
-300.0  30.0  0.0  
-300.0  30.0  16.666666666666668  
-300.0  30.0  33.333333333333336  
-300.0  30.0  50.0  
-300.0  60.0  0.0  
-300.0  60.0  16.666666666666668  
-300.0  60.0  33.333333333333336  
-300.0  60.0  50.0  
-300.0  90.0  0.0  
-300.0  90.0  16.666666666666668  
-300.0  90.0  33.333333333333336  
-300.0  90.0  50.0  
-300.0  120.0  0.0  
-300.0  120.0  16.666666666666668  
-300.0  120.0  33.333333333333336  
-300.0  120.0  50.0  
-300.0  150.0  0.0  
-300.0  150.0  16.666666666666668  
-300.0  150.0  33.333333333333336  
-300.0  150.0  50.0  
-250.0  0.0  0.0  
-250.0  0.0  16.666666666666668  
-250.0  0.0  33.333333333333336  
-250.0  0.0  50.0  
-250.0  30.0  0.0  
-250.0  30.0  16.666666666666668  
-250.0  30.0  33.333333333333336  
-250.0  30.0  50.0  
-250.0  60.0  0.0  
-250.0  60.0  16.666666666666668  
-250.0  60.0  33.333333333333336  
-250.0  60.0  50.0  
-250.0  90.0  0.0  
-250.0  90.0  16.666666666666668  
-250.0  90.0  33.333333333333336  
-250.0  90.0  50.0  
-250.0  120.0  0.0  
-250.0  120.0  16.666666666666668  
-250.0  120.0  33.333333333333336  
-250.0  120.0  50.0  
-250.0  150.0  0.0  
-250.0  150.0  16.666666666666668  
-250.0  150.0  33.333333333333336  
-250.0  150.0  50.0  
-200.0  0.0  0.0  
-200.0  0.0  16.666666666666668  
-200.0  0.0  33.333333333333336  
-200.0  0.0  50.0  
-200.0  30.0  0.0  
-200.0  30.0  16.666666666666668  
-200.0  30.0  33.333333333333336  
-200.0  30.0  50.0  
-200.0  60.0  0.0  
-200.0  60.0  16.666666666666668  
-200.0  60.0  33.333333333333336  
-200.0  60.0  50.0  
-200.0  90.0  0.0  
-200.0  90.0  16.666666666666668  
-200.0  90.0  33.333333333333336  
-200.0  90.0  50.0  
-200.0  120.0  0.0  
-200.0  120.0  16.666666666666668  
-200.0  120.0  33.333333333333336  
-200.0  120.0  50.0  
-200.0  150.0  0.0  
-200.0  150.0  16.666666666666668  
-200.0  150.0  33.333333333333336  
-200.0  150.0  50.0  
-150.0  0.0  0.0  
-150.0  0.0  16.666666666666668  
-150.0  0.0  33.333333333333336  
-150.0  0.0  50.0  
-150.0  30.0  0.0  
-150.0  30.0  16.666666666666668  
-150.0  30.0  33.333333333333336  
-150.0  30.0  50.0  
-150.0  60.0  0.0  
-150.0  60.0  16.666666666666668  
-150.0  60.0  33.333333333333336  
-150.0  60.0  50.0  
-150.0  90.0  0.0  
-150.0  90.0  16.666666666666668  
-150.0  90.0  33.333333333333336  
-150.0  90.0  50.0  
-150.0  120.0  0.0  
-150.0  120.0  16.666666666666668  
-150.0  120.0  33.333333333333336  
-150.0  120.0  50.0  
-150.0  150.0  0.0  
-150.0  150.0  16.666666666666668  
-150.0  150.0  33.333333333333336  
-150.0  150.0  50.0  
-100.0  0.0  0.0  
-100.0  0.0  16.666666666666668  
-100.0  0.0  33.333333333333336  
-100.0  0.0  50.0  
-100.0  30.0  0.0  
-100.0  30.0  16.666666666666668  
-100.0  30.0  33.333333333333336  
-100.0  30.0  50.0  
-100.0  60.0  0.0  
-100.0  60.0  16.666666666666668  
-100.0  60.0  33.333333333333336  
-100.0  60.0  50.0  
-100.0  90.0  0.0  
-100.0  90.0  16.666666666666668  
-100.0  90.0  33.333333333333336  
-100.0  90.0  50.0  
-100.0  120.0  0.0  
-100.0  120.0  16.666666666666668  
-100.0  120.0  33.333333333333336  
-100.0  120.0  50.0  
-100.0  150.0  0.0  
-100.0  150.0  16.666666666666668  
-100.0  150.0  33.333333333333336  
-100.0  150.0  50.0  
-50.0  0.0  0.0  
-50.0  0.0  16.666666666666668  
-50.0  0.0  33.333333333333336  
-50.0  0.0  50.0  
-50.0  30.0  0.0  
-50.0  30.0  16.666666666666668  
-50.0  30.0  33.333333333333336  
-50.0  30.0  50.0  
-50.0  60.0  0.0  
-50.0  60.0  16.666666666666668  
-50.0  60.0  33.333333333333336  
-50.0  60.0  50.0  
-50.0  90.0  0.0  
-50.0  90.0  16.666666666666668  
-50.0  90.0  33.333333333333336  
-50.0  90.0  50.0  
-50.0  120.0  0.0  
-50.0  120.0  16.666666666666668  
-50.0  120.0  33.333333333333336  
-50.0  120.0  50.0  
-50.0  150.0  0.0  
-50.0  150.0  16.666666666666668  
-50.0  150.0  33.333333333333336  
-50.0  150.0  50.0  
0.0  0.0  0.0  
0.0  0.0  16.666666666666668  
0.0  0.0  33.333333333333336  
0.0  0.0  50.0  
0.0  30.0  0.0  
0.0  30.0  16.666666666666668  
0.0  30.0  33.333333333333336  
0.0  30.0  50.0  
0.0  60.0  0.0  
0.0  60.0  16.666666666666668  
0.0  60.0  33.333333333333336  
0.0  60.0  50.0  
0.0  90.0  0.0  
0.0  90.0  16.666666666666668  
0.0  90.0  33.333333333333336  
0.0  90.0  50.0  
0.0  120.0  0.0  
0.0  120.0  16.666666666666668  
0.0  120.0  33.333333333333336  
0.0  120.0  50.0  
0.0  150.0  0.0  
0.0  150.0  16.666666666666668  
0.0  150.0  33.333333333333336  
0.0  150.0  50.0  
50.0  0.0  0.0  
50.0  0.0  16.666666666666668  
50.0  0.0  33.333333333333336  
50.0  0.0  50.0  
50.0  30.0  0.0  
50.0  30.0  16.666666666666668  
50.0  30.0  33.333333333333336  
50.0  30.0  50.0  
50.0  60.0  0.0  
50.0  60.0  16.666666666666668  
50.0  60.0  33.333333333333336  
50.0  60.0  50.0  
50.0  90.0  0.0  
50.0  90.0  16.666666666666668  
50.0  90.0  33.333333333333336  
50.0  90.0  50.0  
50.0  120.0  0.0  
50.0  120.0  16.666666666666668  
50.0  120.0  33.333333333333336  
50.0  120.0  50.0  
50.0  150.0  0.0  
50.0  150.0  16.666666666666668  
50.0  150.0  33.333333333333336  
50.0  150.0  50.0  
100.0  0.0  0.0  
100.0  0.0  16.666666666666668  
100.0  0.0  33.333333333333336  
100.0  0.0  50.0  
100.0  30.0  0.0  
100.0  30.0  16.666666666666668  
100.0  30.0  33.333333333333336  
100.0  30.0  50.0  
100.0  60.0  0.0  
100.0  60.0  16.666666666666668  
100.0  60.0  33.333333333333336  
100.0  60.0  50.0  
100.0  90.0  0.0  
100.0  90.0  16.666666666666668  
100.0  90.0  33.333333333333336  
100.0  90.0  50.0  
100.0  120.0  0.0  
100.0  120.0  16.666666666666668  
100.0  120.0  33.333333333333336  
100.0  120.0  50.0  
100.0  150.0  0.0  
100.0  150.0  16.666666666666668  
100.0  150.0  33.333333333333336  
100.0  150.0  50.0  
150.0  0.0  0.0  
150.0  0.0  16.666666666666668  
150.0  0.0  33.333333333333336  
150.0  0.0  50.0  
150.0  30.0  0.0  
150.0  30.0  16.666666666666668  
150.0  30.0  33.333333333333336  
150.0  30.0  50.0  
150.0  60.0  0.0  
150.0  60.0  16.666666666666668  
150.0  60.0  33.333333333333336  
150.0  60.0  50.0  
150.0  90.0  0.0  
150.0  90.0  16.666666666666668  
150.0  90.0  33.333333333333336  
150.0  90.0  50.0  
150.0  120.0  0.0  
150.0  120.0  16.666666666666668  
150.0  120.0  33.333333333333336  
150.0  120.0  50.0  
150.0  150.0  0.0  
150.0  150.0  16.666666666666668  
150.0  150.0  33.333333333333336  
150.0  150.0  50.0  
200.0  0.0  0.0  
200.0  0.0  16.666666666666668  
200.0  0.0  33.333333333333336  
200.0  0.0  50.0  
200.0  30.0  0.0  
200.0  30.0  16.666666666666668  
200.0  30.0  33.333333333333336  
200.0  30.0  50.0  
200.0  60.0  0.0  
200.0  60.0  16.666666666666668  
200.0  60.0  33.333333333333336  
200.0  60.0  50.0  
200.0  90.0  0.0  
200.0  90.0  16.666666666666668  
200.0  90.0  33.333333333333336  
200.0  90.0  50.0  
200.0  120.0  0.0  
200.0  120.0  16.666666666666668  
200.0  120.0  33.333333333333336  
200.0  120.0  50.0  
200.0  150.0  0.0  
200.0  150.0  16.666666666666668  
200.0  150.0  33.333333333333336  
200.0  150.0  50.0  
250.0  0.0  0.0  
250.0  0.0  16.666666666666668  
250.0  0.0  33.333333333333336  
250.0  0.0  50.0  
250.0  30.0  0.0  
250.0  30.0  16.666666666666668  
250.0  30.0  33.333333333333336  
250.0  30.0  50.0  
250.0  60.0  0.0  
250.0  60.0  16.666666666666668  
250.0  60.0  33.333333333333336  
250.0  60.0  50.0  
250.0  90.0  0.0  
250.0  90.0  16.666666666666668  
250.0  90.0  33.333333333333336  
250.0  90.0  50.0  
250.0  120.0  0.0  
250.0  120.0  16.666666666666668  
250.0  120.0  33.333333333333336  
250.0  120.0  50.0  
250.0  150.0  0.0  
250.0  150.0  16.666666666666668  
250.0  150.0  33.333333333333336  
250.0  150.0  50.0  
300.0  0.0  0.0  
300.0  0.0  16.666666666666668  
300.0  0.0  33.333333333333336  
300.0  0.0  50.0  
300.0  30.0  0.0  
300.0  30.0  16.666666666666668  
300.0  30.0  33.333333333333336  
300.0  30.0  50.0  
300.0  60.0  0.0  
300.0  60.0  16.666666666666668  
300.0  60.0  33.333333333333336  
300.0  60.0  50.0  
300.0  90.0  0.0  
300.0  90.0  16.666666666666668  
300.0  90.0  33.333333333333336  
300.0  90.0  50.0  
300.0  120.0  0.0  
300.0  120.0  16.666666666666668  
300.0  120.0  33.333333333333336  
300.0  120.0  50.0  
300.0  150.0  0.0  
300.0  150.0  16.666666666666668  
300.0  150.0  33.333333333333336  
300.0  150.0  50.0  
350.0  0.0  0.0  
350.0  0.0  16.666666666666668  
350.0  0.0  33.333333333333336  
350.0  0.0  50.0  
350.0  30.0  0.0  
350.0  30.0  16.666666666666668  
350.0  30.0  33.333333333333336  
350.0  30.0  50.0  
350.0  60.0  0.0  
350.0  60.0  16.666666666666668  
350.0  60.0  33.333333333333336  
350.0  60.0  50.0  
350.0  90.0  0.0  
350.0  90.0  16.666666666666668  
350.0  90.0  33.333333333333336  
350.0  90.0  50.0  
350.0  120.0  0.0  
350.0  120.0  16.666666666666668  
350.0  120.0  33.333333333333336  
350.0  120.0  50.0  
350.0  150.0  0.0  
350.0  150.0  16.666666666666668  
350.0  150.0  33.333333333333336  
350.0  150.0  50.0  
400.0  0.0  0.0  
400.0  0.0  16.666666666666668  
400.0  0.0  33.333333333333336  
400.0  0.0  50.0  
400.0  30.0  0.0  
400.0  30.0  16.666666666666668  
400.0  30.0  33.333333333333336  
400.0  30.0  50.0  
400.0  60.0  0.0  
400.0  60.0  16.666666666666668  
400.0  60.0  33.333333333333336  
400.0  60.0  50.0  
400.0  90.0  0.0  
400.0  90.0  16.666666666666668  
400.0  90.0  33.333333333333336  
400.0  90.0  50.0  
400.0  120.0  0.0  
400.0  120.0  16.666666666666668  
400.0  120.0  33.333333333333336  
400.0  120.0  50.0  
400.0  150.0  0.0  
400.0  150.0  16.666666666666668  
400.0  150.0  33.333333333333336  
400.0  150.0  50.0  
450.0  0.0  0.0  
450.0  0.0  16.666666666666668  
450.0  0.0  33.333333333333336  
450.0  0.0  50.0  
450.0  30.0  0.0  
450.0  30.0  16.666666666666668  
450.0  30.0  33.333333333333336  
450.0  30.0  50.0  
450.0  60.0  0.0  
450.0  60.0  16.666666666666668  
450.0  60.0  33.333333333333336  
450.0  60.0  50.0  
450.0  90.0  0.0  
450.0  90.0  16.666666666666668  
450.0  90.0  33.333333333333336  
450.0  90.0  50.0  
450.0  120.0  0.0  
450.0  120.0  16.666666666666668  
450.0  120.0  33.333333333333336  
450.0  120.0  50.0  
450.0  150.0  0.0  
450.0  150.0  16.666666666666668  
450.0  150.0  33.333333333333336  
450.0  150.0  50.0  
500.0  0.0  0.0  
500.0  0.0  16.666666666666668  
500.0  0.0  33.333333333333336  
500.0  0.0  50.0  
500.0  30.0  0.0  
500.0  30.0  16.666666666666668  
500.0  30.0  33.333333333333336  
500.0  30.0  50.0  
500.0  60.0  0.0  
500.0  60.0  16.666666666666668  
500.0  60.0  33.333333333333336  
500.0  60.0  50.0  
500.0  90.0  0.0  
500.0  90.0  16.666666666666668  
500.0  90.0  33.333333333333336  
500.0  90.0  50.0  
500.0  120.0  0.0  
500.0  120.0  16.666666666666668  
500.0  120.0  33.333333333333336  
500.0  120.0  50.0  
500.0  150.0  0.0  
500.0  150.0  16.666666666666668  
500.0  150.0  33.333333333333336  
500.0  150.0  50.0  